621220705723
598772290822
281678731059
876643077584
497451866410
327763574117
363495138160
472521899628
745189861993
820508383895
804455047441
633367029323
472713792553
699693774632
273597713569
599072872732
233497779615
527284874560
508986572155
429067544904
773561091549
244685374557
407039448138
254740534524
398615130081
809969737938
661018621141
994469476560
118990154914
405453156853
431506198445
588256861878
299626910297
595219309865
50476993174
941300441146
451506431368
168963143094
223980355067
570814735850
960359183646
301907779340
567763993199
712916645325
569565404414
167309628966
200585391065
53301320135
48303066690
791199007165
23723461347
255827604834
442422863588
7394901810
684983231144
653542763844
336622453342
30557891551
395465830098
183624319398
684512682248
738218140995
125402595204
122338081899
223035417991
37482070941
815807747289
425373719074
154075510246
812202634217
875367884234
524492768497
956916139444
833600298628
153906300295
105876110994
396348101321
283497034679
612740054828
409627685320
422614848957
125188338569
371687009532
617789462121
18088132765
190852731012
998484336594
240034995496
907434721918
885764145180
473113957393
829222907503
85038707275
139914913335
538790965154
896385186554
306215319362
5858572249
232312422611
998425781237
